*****ring.large.csv*****
Median: 0.010721
Avg: 0.642365796911197
Timeout: 0
*****uring.large.csv*****
Median: 0.009908
Avg: 0.5632616640926641
Timeout: 0
*****ring.large.csv/uring.large.csv*****
Median: 1.1191647121131876
Avg: 1.264106576110494
